001
002
003
004
005
006
007
009
010
012
013
015
017
020
021
025
026
027
028
029
032
035
036
038
039
040
041
042
043
044
045
046
048
050
052
053
054
056
058
061
064
065
066
067
069
070
073
076
078
079
081
082
087
089
090
091
093
094
095
097
102
103
106
108
111
112
117
118
120
121
122
123
124
125
127
132
135
136
137
138
140
141
142
143
146
147
148
149
151
152
153
154
155
156
157
158
159
164
165
167
172
173
174
175
177
178
179
180
182
183
184
187
189
192
193
199
200
203
205
206
207
208
213
214
217
218
221
222
223
224
225
226
227
231
234
236
237
238
239
240
241
242
243
245
246
247
248
250
251
254
260
261
263
266
267
268
269
271
272
273
275
277
278
279
280
281
282
283
284
285
286
289
290
291
292
294
295
297
298
299
300
301
302
305
306
308
309
310
313
314
315
317
318
320
321
322
323
324
325
326
328
332
333
334
336
337
338
339
340
341
343
350
351
355
357
358
